"","PC1","PC2","PC3","PC4","PC5","PC6","PC7","PC8","PC9","PC10","PC11","PC12","PC13","PC14","PC15","PC16","PC17","PC18","PC19","PC20","PC21","PC22","PC23","PC24","PC25","PC26","PC27","PC28","PC29","PC30","PC31","PC32","PC33","PC34","PC35","PC36","PC37","PC38","PC39","PC40"
"Rush.Yard",0.196762551167667,-0.381321495423191,0.0155542888286438,-0.0633364298130949,0.0559978203752927,-0.0851051836014049,0.0276268073225205,-0.0936216377268166,0.0771819986946784,-0.0869483731340352,-0.0162501348905984,0.0718321054088257,-0.0971315029017982,-0.0074932080231588,-0.0122031640791092,-0.0115346715160758,-0.0881258989602158,-0.144856866155302,0.186974868472266,-0.0522589161962277,-0.000154978952539856,-0.0781262942624457,-0.0147924891690749,-0.0645969619051931,-0.00137487347255281,0.0266430905613437,0.119601626201642,-0.0516523723651755,-0.0435094138367496,0.200171363218705,-0.0265070746249367,-0.134176387771495,0.198513720131204,0.0378979025265743,0.00784324210421759,0.112994949232359,-0.514051845692016,-0.395393626035222,-0.0759744998402127,0.357331955208297
"Pass.Yard",0.133879357045385,0.345755234955101,0.277153363740985,0.175883423155336,-0.0579694936407724,-0.00714478602286114,0.0215557513634026,0.0653039371676059,-0.0239255933977147,0.0796108562543107,-0.0324209922799527,0.0291959977623959,0.0313924191476938,0.0340238456773002,-0.0190871547492571,-0.0174821883242295,-0.0112844251377399,0.0854306791105504,-0.0780922878740398,0.0358053603993625,0.0821529135491073,0.047843656104742,0.0414142501228069,0.0869127736304389,-0.0260354943307443,-0.046028558943417,-0.0825710706637211,-0.0185687494710998,-0.122841973334117,0.13211253632589,-0.0929868893562683,-0.0407528772867556,0.238121053430857,0.03531238002141,-0.0368225633740507,0.297097417795681,0.16449695971036,0.240915688285068,-0.115747462700514,0.634839184432085
"Pass.Int",-0.166145795428963,0.270332913727779,0.0576192652926037,-0.0100429989148308,0.031723117955991,0.0501403665919496,-0.0172433446778973,0.0908291181282672,0.0246258995889688,0.0653989111078307,-0.0548426768315471,0.123044229450482,0.148088802160024,-0.054945211024455,0.0700667449318762,-0.11054143778773,-0.111081258308278,-0.149522457700744,0.0476141341489821,0.0125599236626689,0.220992269397032,-0.0584706415335011,-0.238653618346933,-0.559504440616423,0.0525609053700496,0.227177344317065,0.483115300895973,-0.099009147306018,0.0776130647403825,0.198640925483059,0.0754856475409855,0.0453338311192438,0.0264565493743351,0.0126096629607303,-0.0377020221587552,-0.0584765130418285,0.0521350476606184,-0.00221950028096612,0.0103154024855505,0.000343094465192845
"Pass.Conv",0.0349424020805479,0.0300062297979308,0.194906863366113,-0.292682192388286,-0.311901420621337,0.0387623001047812,-0.410524894071511,0.0630628603036826,-0.196256448521635,-0.206469501502785,0.0796211796699543,0.0307962556603988,-0.0323246568735883,0.0661651397524984,0.0454316237802077,0.062891299998244,-0.00517831829984861,-0.0909990542240725,-0.124749951256194,-0.0111946251172395,0.0572741055805441,0.0284621369532684,-0.00220156529083817,-0.0135302851866898,0.022207774594404,-0.0656403590228369,-0.0486275948563375,-0.0326981279855536,0.0738291380336791,-0.0183543519320164,0.479982880191538,-0.458727134824082,0.014375129538576,0.116850877215694,0.0689120750478197,0.0232677904560821,0.0214319243920011,0.00852635562890805,0.00721003737152532,-0.0145572526199587
"Kickoff.Ret.Yard",-0.196617770458694,0.0612568958603496,0.149016097392735,-0.0920968129172688,-0.0694049744020519,-0.274770743443486,0.0906774602869255,0.00881743885122663,0.25075273271589,-0.226368947270398,-0.0174640796223504,-0.0866597010395262,-0.0435324772032791,-0.222780712000022,-0.000340554168514098,-0.132413727631569,0.0400351168069657,0.154926689950875,0.145143224645412,0.00743330115316138,0.166614613641205,-0.165670313620457,0.0427462933073911,0.0114266938182318,0.229700626194946,-0.0365790275829162,-0.125099498624495,-0.578438847476905,0.193758462073397,-0.269596266465621,-0.0492792322144456,-0.00776293397974887,-0.0658536184173482,-0.027262428633998,0.0195064228964027,0.130122243915833,-0.00894062154843397,-0.0258294149112687,-0.0534427825034797,0.0186670325862218
"Kickoff.Ret.TD",0.0602413541196161,0.0429198277257255,0.00650215714707164,-0.144105578258234,-0.132320323805191,-0.263573261407161,-0.0636110367316276,-0.141652373847236,0.435924549437308,-0.267353009199992,-0.116392854077741,-0.0687901157400942,0.101074399579153,-0.270962316867723,-0.0976397946301426,0.0731953065292267,0.244571686290781,0.289395949956249,-0.126039570664622,0.188084098274815,-0.168395255116298,0.251705955459213,-0.104974806058853,-0.121425110195199,-0.123469504718928,-0.0446817739505275,0.180915606051049,0.329511905475691,-0.0273774206531058,0.0903306682588942,-0.0118997246615171,-0.0216959939010978,-0.00794238209374254,0.0295243186158943,-0.0431364718184805,0.0299061473611584,0.0105451146887688,-0.00915177905029858,0.000493082687831593,0.00735664486629781
"Punt.Ret.Yard",0.215631692835127,0.0688947112672991,-0.184069111383158,-0.204713706637735,-0.135905668510193,0.0945468814150732,0.0543365478836675,-0.0330515862516916,0.062018957019621,0.27261072653013,0.113771477735143,-0.185964831708277,0.087169046684675,0.0390947052002844,0.0753705466064505,-0.157971904191043,-0.0206544030533847,0.0458731471743244,0.0808256346473382,0.0592557564293288,0.125801969952317,-0.00343655847894242,-0.104743411581151,0.00272764883033981,0.0403139319193773,-0.138063295783706,-0.111934691237142,0.203240533621304,0.716786614413617,0.0489131166747794,-0.0529949156556472,0.0104010892413909,0.147225729642902,-0.0998343274836546,0.0314793244555229,0.0874358718817773,-0.0101065138797729,-0.0306329808927622,-0.0233634939161707,0.0344868393179046
"Punt.Ret.TD",0.130361900858251,0.0566631018291915,-0.140270436807649,-0.252295936720172,-0.209046364405294,0.0434742164849721,0.100764037190873,-0.138303925049772,0.035497871796986,0.311365244293262,0.113629417515247,-0.222358848488799,0.171915670078675,-0.171483706478739,0.117142302842816,-0.19975757424068,0.0726179855296874,-0.228675400997543,0.126792785324751,0.201370576647748,0.122460418612651,-0.0183991099564746,-0.217747651237533,0.0520273317799233,-0.15884231053293,-0.191799472954923,-0.00565446000462153,-0.13853302142355,-0.504554666331924,-0.115693824139946,0.0242514979027504,-0.0642093475364401,-0.11636406940711,-0.0154274175180525,-0.0208211994160284,0.0182372608854814,-0.00457199074766004,-0.0108861626553646,0.00594226954078893,0.0127756726800973
"Fum.Ret",0.0583115069111523,0.0646035501502909,-0.0217282693988252,-0.0772655575760269,0.255559154150761,0.00446613681023605,0.0607457997254445,-0.184746002229861,-0.420084549865751,-0.0644334381072788,-0.293205893124414,-0.150568993846972,-0.17281516636615,-0.120712227764191,0.39917574764261,-0.0337475759661375,0.254891058887159,0.135860652737842,-0.0166993984779842,0.10555531191689,0.0723150295739603,0.0386742188068906,0.115125236979361,0.162623397090835,0.241931056464388,-0.191726476235534,0.384837915484855,0.00839143901429962,0.0259199947748114,0.0227490369267248,0.0206390397236517,-0.0228147069712202,0.0172794040361595,0.0065141252327029,-0.000119389987008275,0.0343408981195812,-0.0123807689945014,-0.00367772282285408,0.00959715778769715,0.00181001797244201
"Int.Ret",0.187008048498217,0.0804594067271059,-0.127280252198833,-0.0796378796505508,-0.0104261497390362,0.0592329533338066,-0.00787451444989518,0.0297045540027615,0.213639199718552,0.0688647740938406,0.0445848184572671,-0.203172167908127,-0.0750525745933138,0.29170768346177,0.182751391556227,0.198890432582236,0.144902256277971,0.135000484099985,-0.326035862999342,-0.394351944720361,-0.11622596861135,-0.212857515142583,0.021179117009117,-0.0290204468626671,-0.342050873251984,0.0422819162247738,0.282642462273206,-0.275312170993171,0.0120715077418107,-0.153117341302729,0.00125387970063816,0.021789373799438,0.0291144597828387,-0.00840337693435356,-0.0242805616096711,0.0971017258491681,0.00432549607968502,-0.0559623111207602,-0.00936516726729096,0.0162367618291536
"Misc.Ret.Yard",-0.00938132615867323,0.0775129417440569,-0.0291087421816225,-0.103621805316581,-0.109901980159344,0.0934622483407054,0.428469271159352,-0.171569219889522,-0.178009962590515,-0.176737611340532,0.129362747365066,0.250418126618082,-0.156387387020038,0.0879505851984936,-0.303651827773621,0.0975113967611847,0.278718012727972,-0.0107172072471266,-0.0399798815387048,-0.277958169579215,0.170507082678138,0.0563193298886808,-0.0933938360097226,-0.291710209788949,0.0235422976054949,-0.42413474146629,-0.0725778797695558,0.0218745173933795,-0.0233642703603748,0.0152122379887859,-0.0389766984469741,0.0114101919135643,-0.0212087201383456,0.0137586942091146,0.0017359446567214,-0.014140489615324,0.00355530065406517,-0.00259093301888984,0.00249219011426791,0.00246578719493395
"Field.Goal.Made",0.162053501122615,0.0872768135869774,-0.204411909081476,0.0929175599731925,0.000199438874473268,0.0914905443040773,-0.143435839743775,-0.179907227555579,0.009189565053209,-0.0370427673348725,0.0681993613524069,-0.221668810477766,-0.135630273076382,-0.287362606482828,0.0152077327690836,-0.261153852538357,0.0496127322804012,0.012088577611507,-0.117230113654463,-0.216440718215073,0.0591880406609285,-0.120185796359013,0.418487802001968,-0.362715576003193,0.144399864488063,0.18688904359918,-0.261918217660068,0.112917747458947,-0.154283484799057,0.0682778588804583,0.0306588888643529,-0.0203589558488117,0.0924370489387764,0.0327984736541753,-0.0334442400166119,-0.0362253694875474,0.108027332566865,-0.100062198924309,-0.19925383969679,-0.0389487818811391
"Off.XP.Kick.Made",0.329660273766446,-0.00625793265773259,0.167466669329621,0.0592908065641873,-0.0174267932523272,-0.141579058336565,0.120516679152752,-0.0357010985326968,0.0538811643926651,0.019685355523869,-0.0425538866377284,0.029359561314498,0.0439133409008431,0.038578009044504,-0.0185591950493312,0.0470635326565043,-0.00215928265520283,-0.0180511362481968,0.0826960733014108,0.00737609227024848,0.012109278284784,0.0250115856251629,-0.0471391463753529,0.129004541157366,-0.0317055826268536,-0.0436479277306916,0.0326458328676434,-0.185936746549265,0.0204784643187848,0.232737080776396,0.194353824953095,0.132504770115503,0.162750723580558,0.0995680608988467,0.0535225013069143,-0.317025905718,0.00760508271915764,0.177774186718654,-0.620140788656282,-0.283380411732546
"Off.2XP.Made",0.0638070271813914,-0.0732503344687565,0.211106858608259,-0.331262386527218,-0.2951165360301,0.0315619144981591,-0.377929591112064,0.0272328740929979,-0.171438439338882,-0.159599492210198,0.0305483637770414,-0.0244074694323833,-0.0681796527856577,0.0318969494217636,0.0556673934595616,0.0443723492286862,-0.0397612729621386,-0.109626727518531,-0.0317669212504755,-0.0315415740482708,0.0203081339180538,0.0142709912883519,0.0218493125969357,-0.0351295467805413,0.0502172574121016,-0.0375256451447058,0.0296951447832255,-0.0242800306545032,-0.0543690352057226,0.0629741583599439,-0.475967790364782,0.505349504817088,0.00782701550560722,-0.129857445172694,-0.0613240764779372,-0.0377589457853837,0.00491559208685424,0.0107858520805968,-0.0535734817341991,-0.0132633169261147
"Def.2XP.Made",0.0197513623346032,0.0494147448469222,0.0151030630332223,0.049447472954671,-0.120924928816282,-0.00887454185328301,0.27936301716012,-0.165611022096964,-0.0235527102606185,-0.37073151147485,0.0936599056112036,-0.0697281496936368,0.251881537181628,0.311227049895426,0.450267400619954,-0.120036164541046,-0.421179589629324,0.122281923240636,0.00151364312360158,0.0566745754805029,-0.266265000669428,0.0260895976477615,-0.000953233089185341,-0.188673522004289,0.0863952235014926,-0.112206234638506,-0.110710279104864,0.0466488299811539,-0.0804270287379635,-0.017975885911808,0.00517429652147204,0.00611973335027435,-0.0154606556324852,0.0142852930965388,-0.0209830393502326,-0.00625209229156029,-0.0067614568081745,-0.00696686463399282,0.0111467969332129,-0.00399950668156002
"Safety",0.0506954955033549,0.07065230403285,-0.108957773317246,-0.0437200950479047,0.019968134646423,0.102561300017885,-0.106591663061815,0.250936419245789,0.112901758972489,-0.177663764913289,-0.20679434197638,0.21674336777788,0.106666644695886,0.271276311307169,0.0307372635972414,-0.60762280065184,0.383382155181629,-0.074544793344103,0.212874872262824,-0.198234272630354,-0.164821324795196,0.131817400725117,-0.034033648131676,0.121713734821353,0.0119388504951399,0.0277586696386791,-0.0218213951615343,-0.00366746145243782,-0.037995770360526,-0.0192106800810111,0.00552429661867523,0.0159067815086661,0.029033502681773,0.0131598061033998,-0.0430119955112854,0.00635409119609698,0.000437686229843276,-0.00941274156099672,-0.00759484439628117,-0.0041418409612542
"Punt.Yard",-0.247315554627594,0.137385343783712,-0.185914846644012,-0.088913053391503,0.0868352364904207,0.179664693807353,-0.0716264926021926,-0.17760161331136,0.159547417263643,-0.0869745760591663,0.0621738038744141,-0.0483163665865179,-0.11678071470197,0.100893767147119,0.0435876097496715,0.134417097579279,0.00317972065155299,-0.0335815662841302,0.0822068265300615,0.0795392659892325,-0.0181615081401013,0.163989904882295,-0.0118721273280096,0.194274997572168,-0.0422170009847927,-0.0390171879014437,-0.125580231001113,-0.274663058466196,0.012057881694484,0.560126744529195,0.0144620408394532,-0.00638586289340793,-0.0243041573467207,-0.0106096511188473,-0.0857413424840849,-0.0267604922629786,0.325597037723193,-0.33694234836628,0.0158294998544934,0.0380406978646586
"Kickoff.Yard",0.354326119019198,0.0229232324003026,0.0760897727126396,0.0519396227693557,-0.0394192654804032,-0.106657343863626,0.00773051144644646,-0.0925712598723907,0.0384016905234067,0.00809845937024094,-0.0122454934842411,-0.00378960197392771,-0.0133216330871691,-0.0273265782245789,-0.0286840910396274,-0.0353617293720983,0.0383123275107308,0.0315183638933804,0.0499258472229597,0.0165981194019183,0.0205961207232685,-0.0101674868351356,0.0853763778309369,-0.0219764401459649,0.0111890118286593,0.016671790753619,-0.0738627843949076,-0.206994394137447,0.0155809651655514,0.139743973373005,0.151901046491106,0.20127183946023,0.200198580969043,0.161710788177988,0.0473236277814981,-0.324925724671253,-0.00455098303202419,0.112436181575368,0.711640171931692,0.021186267057617
"Kickoff.Touchback",0.18483497249365,0.0306653247416643,0.0346261007380464,0.0818149517129549,0.106291800244371,0.0879290619511518,-0.163575662998,-0.379505694012501,-0.110350021544457,0.142275496708974,0.0534843294109087,0.327833147184407,-0.123673385097095,-0.00470461959062304,0.049181509601024,-0.0337400801680499,0.0600211087570087,0.0108146586341797,0.00446225612329849,0.243309525507798,-0.238758114068531,0.378258461114131,-0.00747771907906692,-0.243739347463225,-0.194679331851303,0.135902475581516,-0.0765870230848246,-0.306308987195721,0.152541611049079,-0.258742325267387,-0.0962830606030275,-0.0527636336959166,-0.0808759869802868,-0.0630225495257176,0.047211949750356,0.0780715766340097,-0.018634991639837,-0.00474724840397091,-0.0744001408975263,-0.000991094323151337
"Kickoff.Out.Of.Bounds",0.0284793858247573,0.00973650900965955,0.0514780121761913,-0.0406153078017918,-0.0256306283660844,-0.130062167232657,0.316060996302133,0.389431871437308,0.0462237329459631,-0.0521899341787878,-0.0119220184557229,-0.204438746398147,-0.407310144002777,-0.127714195046812,0.247998672659818,0.0457223144932395,0.00496241015734412,-0.389370667546939,-0.1318268974449,-0.0405075099884449,-0.0492027353996085,0.447272688544814,-0.0775552524883448,-0.0730651302975092,-0.03034386627432,0.1548995854456,-0.128268767006025,0.011290423124887,0.0458734049982574,-0.0276008744706505,0.00765772882964895,-0.00458948030038482,0.0407019549431315,-0.0343146933973687,0.0106729487527971,-0.00724379938319281,0.0136718349947493,0.00238111520515799,0.0307124682801387,0.00281702620108031
"Kickoff.Onside",-0.107562595777992,0.029894510965645,0.200008213402241,0.00438184565241386,-0.00942778529411784,0.090336523864489,0.0245227893648891,-0.277568814963535,-0.0263671321561086,0.0171573877657353,0.0991313260505506,0.108325996226997,0.115206906356901,-0.464101201525931,0.0818102528878077,-0.161998347889607,-0.212586648861012,-0.054760634963958,-0.0481645468341329,-0.57546377505159,-0.145096855370318,0.128845399601244,-0.168935464713097,0.307779090628958,-0.094889225643888,0.0173235201948397,0.100672295190665,0.0357710523524967,0.0973227699538139,0.0138620186709037,0.0131750851036322,6.86892334088134e-06,0.0153187149101048,0.00802658751715895,-0.0166411548055297,-0.018943330526574,0.00934652650646422,0.0155500664979987,0.0552849848783036,0.000775661387322192
"Fumble.Lost",-0.0316555543527187,-0.0365217542167068,0.0686928735492248,-0.297131455364847,0.128075708201577,0.0254323898311378,0.0841980292111552,-0.0488823997729691,0.102873003699153,0.0901460629185895,-0.249581488040801,0.213183569222102,-0.383495001307364,0.0435623869103644,-0.0623982727811494,-0.374218194678355,-0.288655342110588,0.154545175320634,-0.451833787580451,0.166978953668523,0.035249596928086,-0.226018925334833,-0.16623223811935,0.0442500181973461,-0.082086333526052,-0.0316261224986695,-0.112252466327865,0.0398388612579535,-0.0574159521507487,0.0603818603257713,0.0426608329393477,0.0285965214883514,-0.00479535698141605,-0.0112393639453674,0.00973813776845809,-0.0746334667658048,0.0110446442361154,0.00762421008697731,-0.00537399629660622,-0.00965399574286682
"Tackle.Solo",0.00307734499030653,0.193911917833236,0.146670684213153,-0.189954484632412,0.386862194499701,-0.316344901093192,-0.0475487211370582,-0.162284194500675,0.0871715102480707,-0.0491866599725085,0.195409231042267,0.0440214225800672,0.11809460954398,0.148723580161447,0.0298345522101459,0.026434402964615,0.0941976570541122,-0.240022535981497,-0.0383816502488628,-0.0412511851709013,0.0510003154012047,-0.0857552408469182,0.0700067258327179,0.0348721537688264,0.0280758718225064,0.0276225714762504,-0.0571568034085581,0.126233130852812,-0.0597320761193887,-0.0377089005367368,-0.0295637679611033,-0.149984098430138,0.153115698858646,-0.579505766263294,0.119335884452398,-0.16698676090232,0.0207518840224717,0.0136765287851617,0.0424932705023647,-0.0014715347416462
"Tackle.Assist",-0.0872965443915648,-0.0647188251078967,0.0228134676844067,0.192716457884232,-0.431891450888459,0.183588896676013,0.0495724877716656,-0.138870394392277,0.086589400786178,0.0726597882261397,-0.492478101241942,-0.114864520952263,-0.114458016711825,0.0690995841774144,-0.104836117911211,0.0231747285618881,-0.111110445427435,0.0192210042925222,0.125655553142376,-0.0652331292188051,0.00182607569438592,0.0842974172653658,0.101745216851377,-0.0231989823399497,-0.00760347407644048,-0.0278787289499119,0.103834193256772,-0.0435453292072335,-0.036021878943076,-0.0349575672664232,0.0140774490952633,-0.163663999191304,0.132105434541609,-0.509333653522646,0.133999915525934,-0.13835492795803,0.0304579646130669,0.0220221992776102,0.0363605724775114,-0.0127739349606321
"Tackle.For.Loss.Yard",0.216628584736914,0.160591818921582,-0.198308070413247,-0.183668565408723,0.15730405304303,0.126920218762768,-0.0119320029056211,0.2102167723435,0.0508147557783615,-0.0823168323911965,-0.124095098754367,0.0743229510150479,0.126561852107325,-0.158877532339919,-0.144629621654128,0.105098569092625,-0.244794331379292,-0.0489860593540769,0.00601210999520384,-0.0366166583056922,-0.140813023451193,0.0570372821864214,0.0961509707116621,-0.00838710006099035,0.112136221559865,-0.153283631928012,0.0770666830373947,-0.0783993265026467,-0.0590614028109313,-0.0169585613302296,-0.11559933980409,-0.00833082282385207,-0.0385551282215759,0.0718500092443446,0.690214879940179,0.0941097228259652,0.093086336132067,-0.0590162881964951,-0.00192197954262327,-0.0037512408286787
"Sack.Yard",0.235651500588936,0.122995221724422,-0.183424216734879,-0.149941236294492,0.153871811835811,0.138963358619786,-0.014783076524916,0.206027275383491,0.0213690733440868,-0.0605937759760516,-0.0879884634913694,0.0773947181349154,0.0942101637249744,-0.162638590817037,-0.19491357323854,0.129613587327024,-0.258043073282335,-0.0288073049393862,-0.0156851045636224,0.014223891077376,-0.14258523534093,0.0889723295186494,0.109579671530738,0.0045865721480712,0.151008758508388,-0.188194876200871,0.0583640316160134,-0.132042658997573,0.000486248691690144,-0.117938266159418,0.10005893063905,-0.0363232458568435,0.0454608852735245,-0.20395243761642,-0.646217156512832,-0.0387474953485824,-0.0536192626765167,0.0373155561506141,0.000476710895830221,0.0105074936960603
"QB.Hurry",0.0904578750688999,0.118030797490295,-0.105221145767561,0.127018273179245,-0.108911314426475,0.0821557275415344,-0.00589762937896189,-0.0047706270184515,0.0832582886901104,-0.128527390103777,-0.299843715632181,0.354023244400218,0.0622162318399027,-0.243618096735571,0.370242002068071,0.285907233692938,0.176408174504903,-0.263866277308324,-0.0194232682658197,0.0630925654770397,-0.0220447791968377,-0.422835413911257,-0.137898166703897,0.0128543440562082,-0.0919808527207599,-0.0105140134790058,-0.281807214961535,0.0733971615911395,0.0907127516594634,0.00524777985668458,-0.0572725597746916,-0.00443975146024236,-0.0241991278138271,-0.0110873736333775,-0.0396357895674069,-0.0134509795028677,-0.00415152725747777,-0.0176569012079926,-5.95938177873068e-05,0.000555270052109279
"Fumble.Forced",0.0609644691474709,0.042424313893351,0.0430069488803209,-0.184348763064398,0.241520611950369,0.0485055395628644,0.047436309080433,-0.0918632728748989,-0.286516812011278,-0.232356276955313,-0.382769085112697,-0.339642017633554,0.209031344070684,0.0366925134730271,-0.197468085221846,0.0761849900196258,-0.0395389007700588,0.0720848953077289,0.119408429823421,-0.0915688550013952,0.168202430612315,0.040842572733933,-0.243202026541723,-0.0629514452514409,-0.319674595928902,0.28948572250145,-0.284779101601503,-0.0188622744028296,0.0274103677101261,-0.0539160034271621,-0.00630045433846056,0.0113738440960702,-0.00256296608376963,0.047437902598139,-0.0367456121729925,0.0368974614331632,-0.016960943570022,-0.0187247165122714,-0.0050876106890517,0.0102493449765592
"Pass.Broken.Up",0.2147525341807,0.10639369171828,-0.0450796018122111,-0.0577720300352962,-0.0344787826039988,0.145454713012047,-0.0248058659684376,-0.180854033639772,0.196995675298377,0.0268550482390953,0.0344347261172333,0.0503916771537429,-0.173655088255388,0.166898650199509,0.0164998823826416,0.197374046484142,-0.00946369968425415,0.117359455259627,0.0868188102770825,-0.113773372524596,0.122606301104407,0.0734671857391572,-0.380480539986473,0.136062290029082,0.567231854682222,0.35205419086542,-0.0233675196758579,0.116493424179728,-0.161488737118227,-0.179303112777213,0.0136766802976279,0.00439095942076976,-0.0377329643506001,0.0515778217844147,-0.00607331353625253,0.015169201289473,0.0126514543168136,-0.0120058479493192,-0.00503391579299658,0.0070839662056744
"Kick.Punt.Blocked",0.0100092696817194,0.0567928089244167,-0.0434287576602161,-0.227639800392301,-0.248522495814981,0.137303189931842,0.399070340843124,-0.110361514816026,-0.0965744323131164,-0.14996087393866,0.0964678334192422,0.122271223083598,0.149503345479568,-0.0100278599436396,-0.170779711036707,-0.0317207916233364,0.0925151679188667,-0.154065500045524,-0.156762447675012,0.22409961976499,-0.040294081065906,-0.0853576167399033,0.3339451478247,0.251675403230996,-0.00761774972530295,0.492769970105424,0.192499761092045,-0.0217769938263182,0.0762499741754703,-0.00163254472529249,-0.0258198894184544,-0.00946925872024526,0.0362629099108581,0.0238813294793614,-0.0128879969206818,0.0478000113720376,0.00191838740880146,-0.00170160838686914,-0.00274147256042739,0.00522787603514121
"X1st.Down.Rush",0.190784576813623,-0.392057075247394,0.0490406619258181,-0.043241673777615,0.0875863906834699,-0.0465072494967322,0.0439687767823122,-0.0822941571331439,0.0771971403796964,-0.0705367428089408,-0.013454888249619,0.0487838635504448,-0.0745189362238937,0.0126165762447607,-0.000510057308908053,-0.0247951960428411,-0.0612581389882448,-0.131664432317039,0.164982677141471,-0.0362567603684456,0.0195873147887331,-0.109136326731781,-0.0185573801320976,-0.0731963004166417,-0.0124231383040577,0.0110904872173333,0.0920422797486964,-0.000132237126231088,-0.0278716286505667,0.131890150782562,-0.0751825918495182,-0.147071743513418,0.118887033824067,-0.0257965269882579,-0.0886797830470228,0.513716259290492,0.433382003377708,0.279932727468404,0.114605987190153,-0.282042453196261
"X1st.Down.Pass",0.126296630040189,0.345331531333443,0.273475320563778,0.197282973369813,-0.0579539225790743,0.0255495784537266,0.0133914658184572,0.0874696457524846,-0.0222377113970379,0.0592432602077035,-0.00393022278395925,0.0134463835239305,0.0384607246547182,0.0158503700750567,-0.0398605614938321,-0.0406674027883545,-0.0130916627086729,0.0796967402064734,-0.11259918015064,0.0504706873843186,0.117617635993853,0.0526324459985876,0.0169283203375109,0.0808320142996382,-0.0133096357609099,-0.0406266056812846,-0.0599828385861544,0.0063922020749812,-0.092854583385583,0.115641434354151,-0.103377826368709,-0.0471547948221274,0.113725083066717,-0.0448780024794889,-0.0385879585734245,0.356762943482018,-0.281523990641925,-0.363848058466256,0.12062080057913,-0.524040589920029
"X1st.Down.Penalty",-0.0266644872042069,0.199914217395104,0.203997685454705,0.0393961833406753,0.0149236417490423,0.0910096548241426,0.0215565565509126,-0.0343216063891003,-0.101787748093378,-0.0140818849594697,0.0792607201267952,-0.294301190153382,-0.243067402655965,-0.0381965300307638,-0.247123762543119,-0.0409695603334225,0.103628140100909,-0.139559076699345,0.175321817109351,0.115532310493641,-0.635905657983684,-0.354053828071031,-0.219373237218432,-0.0656558890657462,0.0850463011292859,-0.0282493164729791,0.0496551321712075,0.0328971529524255,0.0550894377197961,0.00961857614005534,0.0651303359735267,0.0307736334927057,0.0316476298910929,0.00112838253835091,0.0124584484280239,0.0262537588329886,0.0135207904096442,-0.0292159468292568,-0.00246109626750933,0.00359269007322588
"Time.Of.Possession",0.0811740395575646,-0.216592918181072,-0.0917325378070627,0.110811633170755,-0.00212177963144442,0.232712951229632,0.0328338049667957,0.287527613235761,-0.188557967330714,-0.181525548626639,0.314367735779165,0.0192399855797891,0.0512702027967489,-0.230023789661939,0.0677924258115185,-0.0550890444982789,0.145194630470196,0.385082996040513,-0.114147478710342,0.105136656547878,-0.00443685226284461,-0.0496036068681109,-0.313346963665853,-0.00333987134028512,-0.0150210852667514,0.121396650649935,-0.031040701926481,-0.155288452855369,-0.0775864982581715,0.126840577417286,-0.0566636934578728,-0.111028499716706,0.194316162994839,-0.354380787994283,0.100493938073654,-0.102471329966191,0.0184852731538661,0.0289851282473999,0.00455348215824995,0.00748898196155446
"Penalty",0.0217576885275499,0.217964107666326,0.0585593221963786,-0.242476676292826,-0.0259761100328062,0.0168320859282387,0.0768480084284547,0.144177743982707,-0.00176307092671339,0.0237283920376572,0.129932624471376,0.185883515451668,-0.322625032464672,-0.0736674292691341,0.159560639926317,0.0717951479468212,-0.120307051591907,0.338236904461262,0.569010691790701,-0.0441366385995858,0.0423426908811854,-0.0787228700625491,0.204197997236794,0.00131808564088838,-0.321220724138703,0.106150632354874,0.0327293930486713,0.183164448720171,-0.0809169176124849,-0.0314694183071877,0.0425074994570845,-0.019821379622669,-0.0423931313262695,-0.0363686764750146,-0.0119228002098619,-0.0507995425633361,-0.000357737300614253,0.011524967285836,0.00316228486020851,-0.0305229365317379
"Third.Down.Att",-0.111651822522263,0.031010368054068,0.115001467848595,0.00960538779086485,0.200628136399193,0.526638593836853,-0.0601533614016307,-0.0936724533508301,0.321345913162822,-0.211268733210159,0.102902579192231,-0.162180254352749,-0.0831388935816897,-0.00208829850430905,0.0475381463466744,0.0022358773682827,0.0289990236682761,-0.122261970977172,0.0143114604459465,0.108093591097777,0.153228454029091,0.0340380663436551,0.0936753661105085,0.00966391284823614,-0.068451282057721,-0.0902210126452739,0.00520745741303161,-0.00121542490664886,0.0215798399036325,0.0440415349055506,-0.0623648520769487,-0.0397514409706112,0.00284760457368142,0.0651073057690884,0.0501478837867628,-0.00630093251097358,-0.39002905053273,0.45201581820052,0.0168488828033947,-0.0620655627905009
"Third.Down.Conv",0.191879775737079,-0.0928583509501175,0.248128728529819,0.223900121793968,0.0979606925795841,0.242544880466181,0.00336633200747566,0.0145980486730409,0.128510898819611,-0.245865848626385,0.0948866394405213,-0.0424472338808799,-0.0352824662189014,-0.0173623866791111,-0.03890242556324,-0.0877502583116394,-0.0425738554288085,-0.120967484029314,0.0160167689513986,0.15309538548015,0.252096438291619,-0.0263441103945092,0.00334704528590805,0.0766066527775845,-0.146304323766653,-0.123355827635121,0.166719661178251,0.143394964231417,0.0613423629190256,-0.344811146748351,0.145451188740788,0.176080144571251,-0.0310929995480472,-0.0106150729644146,-2.43795578290581e-05,-0.105249236134722,0.350300161508859,-0.399120887984342,-0.0294509559440232,0.102886890065248
"Fourth.Down.Att",-0.110093603094359,-0.13610711219397,0.336144885346137,-0.216478511353611,0.0842884844648752,0.201402826217916,0.104365636008589,0.0867607689909946,0.0977445668651388,0.242208473578404,-0.0905358860256405,0.000421199273793062,0.172193875721891,0.000521258258075901,0.0920882808314255,0.0944829275629979,0.118238320933784,0.0851745680187287,0.00306355273173139,-0.00914778624581074,-0.114151084697453,0.0162671819994101,0.0915020227458467,-0.123508877017973,0.107961096099149,-0.0307181778855992,-0.0744144829450286,-0.00348294672572379,-0.0302477144914851,-0.114679002941946,-0.338783093541524,-0.320862472604015,0.302048991542307,0.27500600664924,-0.0810926485267035,-0.282804693939927,0.170539251979078,-0.16222808755097,-0.00160080441167153,-0.0540736741078179
"Fourth.Down.Conv",-0.000682205474242323,-0.198231123918486,0.325680920012858,-0.185008651414591,0.0802780269285553,0.205752013344889,0.129501619864071,0.0649392945236574,0.0855512553902795,0.227967505068319,-0.0781281997299847,0.0319485240682199,0.198952413160157,-0.0392136028668446,0.106239466546414,0.0916286002645904,0.176118500739078,0.109808652284845,-0.0252228263419787,-0.0551281839781715,-0.10974779487732,0.0379366300683263,0.144328655719021,-0.142360548250748,0.13529950523629,0.0337467572837162,-0.161067492928217,0.000711093162515247,-0.0294838921957431,0.135849829610694,0.415411798658067,0.320727557010861,-0.2688616723455,-0.226547221520559,0.0610075097497167,0.211887798142705,-0.032612006704987,-0.0551918703422228,0.00236204194784044,0.0748639049004422
"Red.Zone.Att",0.323005730798749,0.00172186454323504,0.191154559066474,0.0921522051363807,-0.013097750051719,-0.024231454878574,0.0476922508310102,0.067249465115715,0.00388940911546288,-0.00659927715939997,-0.0041588940426847,-0.0754383281093616,-0.00240912897983996,0.0250944778652863,-0.0385490145057334,-0.0827512337078626,0.000948565605181894,0.0105468684722397,-0.0224791252076041,-0.0626158632855777,0.0327246992228157,-0.0639164681449334,0.0346808426981243,0.00613333612027842,0.0308343616637886,0.0363555553998038,0.044394399369299,-0.0181761369291846,0.0983224337541044,0.247502084298943,-0.283068857373664,-0.342485022100465,-0.704677718712903,-0.0551844237656991,-0.0627484121815421,-0.185234292154331,0.0221876838623887,0.0174740015909003,0.0374557449426705,0.0664642245964796
